1003409
1003540
1003705
1003743
1003796
1003830
1003832
1003890
1003898
1003909
1003940
1004111
1004137
1004198
1004254
1004301
1004318
1004887
1006034
1006112
1006116
1006141
1006214
1006335
1006370
1006413
1006529
1006619
1006637
1006660
1006679
1006711
1006815
1006863
1006886
1006937
1007014
1007132
1007162
100720
1007214
1007346
1007844
1007970
1007979
100813
1008171
1008198
1008211
1008274
1008299
1008391
1008467
1008565
1008575
1008615
1008635
1008683
1008694
1008952
1008998
100962
1009770
1009787
101270
1013316
1013343
1013359
1013368
1013378
1013423
1013438
1013528
1013571
1013679
1013775
1013826
1013837
1013891
1013917
1013971
1014013
1014041
1014057
1014064
1014097
1014133
101417
1014200
1014223
1014256
1014337
1014748
101561
1015820
1015878
1015923
1015966
1016033
1016205
1016278
1016333
1016397
1016650
1016891
1016994
1017015
1017104
1017142
1017343
1017375
1017419
1017472
1017712
1017841
1017944
1017991
1018019
101852
1018945
1018968
102102
1025991
1026047
102964
103012
103149
103230
103290
1036200
1036297
1036899
1037166
103718
1037411
1037487
1037546
1037576
1037600
1037648
1037667
1037683
1037715
1037729
1037734
1037745
1037755
1037771
1037790
1037802
1037808
1037812
1037819
1037852
103920
1039616
1039692
1039740
1039782
1039873
1040271
1040416
1040664
1041038
1041165
1041318
1041500
1041684
1041758
1042139
1042242
1042396
104383
104642
1048205
1048272
1048299
1048312
1048340
1048357
1048499
1048547
1048624
1048625
1048655
1048697
1049021
1049034
1049049
1049099
1049284
1049357
1049410
1049799
1049834
1049930
1049977
1050031
1050040
1050053
1050070
1050086
1050182
1050308
1050342
1050395
1050512
1053531
1053687
(1054
1054242
1054261
1054272
1054278
1054299
1054311
1054412
1054434
1055056
1055059
1055064
1055072
1055124
105573
1056908
1056991
1057059
1057171
1057358
1057410
1057450
1057834
1057942
1058014
1058052
1058100
1058128
1058209
1058230
105828
1058373
1058406
1058605
1059251
1059252
1059290
1059291
1059320
1059407
1059477
1059491
1059500
1059510
1059540
1059568
1059579
1059636
1059649
105965
1059766
1059800
1059819
1060666
1060855
1060876
1060972
1061001
1061041
1061491
1061510
1061663
1061909
1061982
106483
1065262
106691
1067872
1068830
1068849
107048
1071506
1071534
1071538
1071544
1071547
1071553
1071559
1071572
1071575
1071581
1071582
1071585
1071588
1071591
1071596
1071622
1071632
1071636
1071640
1071646
1071685
107296
1073133
1073145
1073154
1073168
1073182
1073191
1073203
1073210
1073216
1073224
1073228
1073234
1073242
1073251
1073259
1073305
1073320
1073329
1073346
1073361
1073379
1073387
1073395
1073398
1073405
1073687
1073735
1073738
1073765
1073774
1073780
1073825
1073830
1073835
1073839
1073845
1073870
1073908
1073922
1073943
1073952
1073956
1073958
1073989
107482
107621
1076883
1076894
1076910
1076932
1076973
1076992
1077001
1077015
1077145
1077224
1077263
1077298
1077312
1077339
1077359
1077400
1077413
1077430
1077442
1077463
1077480
1077518
1077535
1077556
1077570
1077594
1077649
1077659
1079198
1079438
108077
108563
1086457
1086532
1087043
108810
1088598
1088806
1088945
1089047
1090070
1090102
1090519
1090552
1090600
1090752
10908
1090825
1090868
1090875
1090900
1090935
1090954
1091311
1091320
1091528
1091574
1091586
1091710
1091749
1091823
1092119
1092127
109487
109509
109823
1.1
1.10
1104669
1104724
1104754
1104819
1104828
1104842
1104887
1104935
1104967
1104986
1105000
1105013
1105019
1105071
1105085
1105096
1105162
1105242
1105304
1105308
1105898
1105980
1106138
1106296
1106369
1106462
1106562
1106605
1106721
1106800
1106835
1106858
1106934
1106968
1107021
1107047
1107054
1107147
1107209
1107217
1107756
1107882
1107997
1108066
1108120
1108122
1108153
1108169
1108184
1108230
1108260
1108265
1108270
1108282
1108306
1108312
1108327
1108332
1108345
1108350
1108441
1108496
1108570
1108655
1108665
1108712
1108739
1108838
1108885
110902
1109393
1109708
1.11
1112411
1112417
1114755
1114759
1115311
1117498
1117557
1117598
1118037
1118613
1119413
1119428
1119441
1119473
1119505
1.12
1127424
1127620
112789
112825
1128293
1128318
1128335
1128374
1128470
1128522
1128563
1128590
1128618
1128968
112936
112975
1.13
1136848
1137214
113850
1138599
1138612
1138619
1.14
1140110
1140297
1140514
1141026
114224
1143247
1143378
1143989
1144386
1145224
1145415
1145476
1145633
1145644
1145656
114820
1149002
1149054
114924
1149319
1149337
11497
1.15
1150400
1150465
1150532
1151221
1151269
11520
1152124
1152530
1152568
1152667
1152709
1152738
1152969
1153002
1153075
115368
1154755
115539
1156468
1156489
1156554
1156578
1156637
1156654
1156679
1156686
1156711
1156730
1156765
1156777
1156786
1156798
1156811
1157055
1157063
1157079
1157086
1157092
1157117
1157126
1157135
1157148
1157160
1157170
1157182
1157193
1157202
1157217
1157239
1157273
1157286
1157307
1157321
1157341
1157364
1157398
1157423
1157441
1157451
1158877
1.16
116010
1160516
1160530
1160533
1160542
1161113
1161196
1161206
1161252
1161268
1161298
1161313
1161332
1161353
1161413
1161434
1161461
1161519
1161564
116161
1161635
1161692
1161714
116230
1163481
1164198
1164209
1164215
1164218
1164254
1164263
1164269
1164273
1164288
1164294
1164304
1164321
1164328
1164330
1164414
116665
116772
1168101
1168142
1169466
1169582
117459
1176147
1176795
1176807
1176862
1176878
1176886
1177534
1177729
1177749
1177766
1178274
1179230
1179627
117996
1180020
1180487
1180642
1180825
1180899
1181014
1181113
1181134
1181254
1181310
1181390
1181453
1181569
1181642
1181703
1181895
1181896
1186090
1186259
1186486
1186636
1186645
1186661
1186672
1186828
1186928
1187061
1187130
1187145
1187296
1187336
1187604
1187614
1187647
1187910
1187955
1187993
1188413
1188488
1188716
1188764
1188853
1188961
1189415
1189423
1189449
1189461
1189558
1189651
1189743
1189810
1190872
1191178
1194128
1194137
1194150
1194180
1194187
1194228
119510
1198).
1.2
120226
1204290
1204501
1204542
1204566
1204623
1204627
1204661
1204719
1204777
1204827
1204898
1204920
1204964
1205016
1205023
1205032
1205039
1205049
1205073
1205143
1205156
1205167
1205175
1205181
1205190
1205332
120785
1208345
1208357
1208643
1208924
1208949
1209074
1209157
1209187
1209199
1209221
1209251
1209271
1209306
1209398
1211088
1211265
1211318
1211647
1211815
1211943
121213
1212133
1212332
1212413
1212524
1212562
1212717
1213148
1213157
1213252
1213595
1213697
1214308
1215715
1215720
1215921
1216480
1216642
1216681
1216936
1216982
1217021
1217025
1217067
1217080
1217085
1217091
1217098
1217100
1218142
1218215
121861
1219043
1219113
1219197
1219291
1219528
1219574
1220217
122042
1220847
1221012
1221190
122139
122380
1224917
122553
1226017
1227
122708
122962
123226
1234175
1234234
1234280
1234466
1236477
1236496
1236515
1236540
1236601
1237252
1237936
1239534
1239621
1239700
1239740
1242210
124612
12463
124817
125062
125411
125709
1259233
125964
126090
126111
12623
126245
126586
1268092
1268448
1268846
1268866
1269034
1270028
127185
127271
1273305
1273436
1273492
1273508
1273534
1273663
1273699
1273798
1273819
1274011
1274068
1274099
1274238
1274526
1274553
1274576
1274772
1274999
1275248
1275453
1275821
1275901
1276078
1276083
1276167
1276326
1276405
1276492
128196
128531
1285650
1285726
1285734
1288417
1288432
1288544
128937
129276
129369
129647
1296812
1296878
129696
129816
1298480
1299219
1299396
1299414
1299579
1299701
1299788
12999
1299920
1.3
1300131
1300468
1300514
1300548
1300701
1300756
1300809
1300820
1300912
1300913
1300968
1300972
1300978
1300980
1300981
1300984
13013
1303440
1303743
1303788
1304179
1304191
1304269
1304571
1304676
1304701
1304731
1304739
1304796
1304871
1305064
1305086
1305099
1305167
1305172
1305344
1305372
1305427
1305508
1305559
1305735
1305789
1305819
1305884
1306140
1306154
1307609
1307977
1308151
1308192
1308238
130827
1308330
1308436
1308578
1309877
1310017
1310034
1310059
1310206
1310266
1310894
1311073
1311640
1311882
131192
131202
1312332
1312345
1312365
1313167
1314932
1314944
1314968
1314975
1314986
1315009
1315020
1315867
1315900
1315905
1315907
1315976
1316489
1317086
1317096
1317122
1317337
1317813
1318148
1318400
1318455
1318501
1318550
1318983
1319053
1319102
1319210
1319384
1319838
1319904
1320614
1320625
1320723
1320797
1320803
1320825
1321047
1321165
1321172
1321365
1321370
1321385
1321398
1325822
13259
1326640
1326679
1327421
1327487
1327748
1327783
1327867
1333043
13345
1337184
133741
133747
1337838
1338571
1341620
1341767
1342143
1342357
1343016
1343041
1343048
1343082
1343095
1343423
134852
1349195
1349297
1349381
1350244
135180
135401
1356391
1356478
1358294
1358470
1358523
1358942
1358962
1358998
1359308
1359338
1359386
1359687
1359725
1359841
1359858
1361697
1361937
1362164
1362180
1363177
1363265
1363389
1363410
1363802
1363829
1363865
1364257
1365905
1366966
1367401
1367508
1367582
1367676
1367979
1368168
1368286
1369076
1369497
1369519
1369537
1369651
1369724
1370750
1370878
1370955
1371225
1372289
1372807
1373731
1373964
1373978
1374127
1374292
1374332
1374333
1374557
1375123
1375125
1375128
1375131
1378364
1378472
1378836
1378850
1379225
1379909
138140
1382714
1383229
1383239
139299
13931
1397760
1399776
1399807
1.4
140094
1402589
1404659
1409074
1409089
141156
141256
14140
141448
1414855
1414862
1414876
1414951
1414988
1415055
1415076
1415112
1415184
1415212
1415254
1415432
1415588
1415646
1417365
141861
14.19,49,24.17,54
1420046
142164
1421984
142225
1422437
1422589
1422778
1426667
1427165
1427183
1427249
1427486
1427544
1427678
1427683
1427712
1428124
1428170
1428273
1428461
142854
1428938
1429567
1429588
1430032
1430058
1430066
1430247
1430400
1431591
1431645
1431823
1432131
1432414
1432555
1433596
1433629
1433663
1433919
1433951
1433993
1433997
1434018
1434021
1434096
1434113
143824
1439430
1439451
1439526
1439546
1439555
1439560
1439566
1439611
1439629
1439673
1439788
1439822
1439851
1439966
1440190
1440206
1440246
1440346
1440432
1440513
1440536
1440618
1440639
1440716
1440736
1440756
1440788
144079
1441173
1442311
14424
1442997
1443026
1443188
144329
144501
1445864
1446529
1446834
1446870
1452687
1453972
1454003
1454089
14:56,
1459241
1459287
1468912
1469487
1470161
1470366
1470554
1470738
1471054
1471320
1473273
1473324
1473325
1473372
1473457
1473504
1473565
1474195
1474421
1474515
147527
14756
1476258
1479237
148016
1483131
1483153
1484521
1484576
1484666
1485896
1488242
148886
15
1.5
1500534
1501364
1501936
150245
1503229
1503332
1503671
1504783
1505907
1507942
1507970
1508009
1508035
1508058
1508168
1508201
1508353
1508376
1508391
1508414
1508427
1508469
1508917
1509028
1509070
1509097
1509540
1512511
1512669
1512858
151343
1514610
151535
1520046
1520047
1520069
1522205
1522283
1522391
152590
153195
15337
1535626
1535649
1535654
1535660
1535665
1535668
1535671
1535678
1535681
1535687
1535693
1535698
1535701
1535706
1535709
1535712
1535715
1535805
1535936
1535991
1536015
1536020
1536031
15427
154763
154771
154927
154977
1550204
1550359
1550421
1550495
1550787
1550943
155266
1554419
1555546
1555652
1558848
156014
156362
1564447
1564466
156673
156845
1568790
1568874
1568878
1568888
1568952
157166
1572700
1572718
1573047
157419
157526
157672
157727
157885
1580974
1581597
1581617
158210
1582806
1583568
1583574
1583602
1583765
158410
1586042
1586097
158630
1586874
1586936
1586946
1587150
1587471
1587615
1587675
1587711
1588010
1593942
1593950
159399
159476
1595784
159624
1597560
1.6
160052
1602542
160261
1610677
1611654
161269
161429
161534
1615808
161664
1616651
1617013
1617195
1617227
161787
161971
16227
1623066
1624061
1624100
1624174
1624193
1624757
1625985
1626010
1626701
1626711
163355
163503
1639659
1639689
1639879
1639937
1640020
1640034
164016
1640524
1640547
1640582
1640632
1640653
1641393
1641657
164173
1642161
1642230
1642251
1642295
1642373
1642430
1642633
1642659
164283
1642872
1642914
1643094
1643268
164339
1643565
1643568
1643598
1643640
1643661
1643997
1647368
1647444
1647545
1647558
1647596
1647715
1647768
1647786
1647851
1647911
165445
165773
1659517
1662900
1663062
1663120
1663473
1668030
1668073
1668190
166983
1672485
1672488
1672496
1674008
1676112
1676160
16780
168048
168156
1683645
1683707
168522
169042
169156
1692942
1692962
1693158
1693364
1693777
1695395
1695517
1695569
1695728
1695853
169612
169665
169848
1698975
1699026
1699167
1.7
170229
1705034
170780
171310
1713258
1714257
1714348
171861
1718914
171899
1719707
172317
1723358
1723459
1723538
172475
172492
1724960
1724961
17260
172749
173016
17326
173402
173663
173836
1741881
1742117
1742341
1742443
1742460
1742629
1742647
17453
1745899
174814
1754016
1754459
1754803
1754828
175534
1755773
1756007
1756182
1756440
1756493
1756516
1756529
1756542
1756552
1756569
1756594
1756602
1756619
1756630
1756642
1756652
1756791
1756853
1756871
1757038
1757050
1757090
1757168
1757265
1757328
1758480
1758483
1758496
1758512
1758636
1758708
1758764
1758834
1758843
1758856
1758860
1758863
175991
1762712
1762750
1763632
1764223
1767272
1767379
1767398
1767437
1767482
1767541
1769924
1770307
1770324
1770427
1770488
1770491
1770495
1770731
1771222
1771305
1771324
1771341
1771367
1771999
1773059
1773094
1773991
1776148
1784965
1785040
1785044
1785076
1785153
1785161
1785165
178574
1787645
179878
1.8
180022
180101
1801700
1801880
1801903
1801928
1801929
1801935
1801951
1801969
180722
1812438
1812449
1812452
181373
1814120
182042
182220
183469
1837460
1837697
184030
1840686
1841082
1841123
1841171
1841246
1841253
1852546
1852554
1852621
1853631
1853916
1853918
1853921
1853922
1853928
1853930
1853934
1853935
185610
18572
185771
185916
186039
1872666
1872834
1873773
1873871
1876798
1876996
187773
1884219
188555
188612
188621
188678
189316
189779
1.9
1900314
1900320
1900339
1900582
1900608
190086
190136
190141
190270
190512
1905441
1906857
190695
1907117
1907299
1907396
1907542
1907545
1907548
1907550
1907553
1907555
1907934
19.08
1908051
1908128
1908268
1908405
1908793
1908819
1908820
1909234
190951
1909555
190957
1909733
1909858
1909875
1910089
1910099
1910307
1910333
1910504
1910614
1910715
1910749
191141
191259
191325
1914232
1914917
1915349
191747
191782
1920502
1920545
1920568
1920569
192069
1920720
1920743
192137
1925796
1926660
1929748
193021
1930352
1930387
1930392
1930396
1930413
1934670
193516
193517
1935220
1938298
1938316
1938453
1938476
1938586
1938624
1939174
1939203
1939248
1939397
1939402
1939410
1939419
1939421
1939424
1939477
1939581
1939587
1939605
1939678
1939866
193987
1939909
1939911
1939972
1940356
1940381
1940428
1940443
1940451
194107
194186
194314
19443
1945141
1945255
1945665
1945749
194612
194648
1946492
1946510
1946779
1947098
1947360
1950468
195135
195505
1958786
1959013
1959314
196081
196201
196214
1968876
1969011
1975716
1975758
1976574
1976614
1977068
1977542
198200
198243
198306
198450
198712
1988340
1988514
1988554
198860
1990225
1990236
1990265
1990316
1990326
1990330
1990437
1990447
1990463
1990482
1990493
1990503
1990529
1990550
1990602
1990608
1990653
1990677
1990697
1990700
1990702
1990710
1990725
1990728
1990749
1990763
1990769
1990790
1990819
1990830
1990838
1990893
1990913
1990924
1990995
199113
199295
19969
1998403
1998433
1998490
1998526
19988
2
200216
200218
2004914
2006822
2011996
2012
2013812
201629
2017228
2017230
201944
2020184
202230
203035
2033997
2034030
2036281
203772
204571
2046447
2046654
2047124
2047314
204763
2048228
2051553
2051615
205162
2051620
2051630
2051635
2051674
2051676
205453
2054637
2054687
2054695
2054758
2055195
2055625
205673
2056766
2057226
205929
2059423
2059446
206355
206463
206731
207016
207056
2070832
2070855
2070884
207111
2071303
2073639
2074458
2074468
2075132
2075214
2075226
2075778
2075800
2075838
2075871
2075877
2075901
207592
2076300
2076575
2080028
2080265
2080271
208031
20808
208229
20868
2091425
2091769
2091788
2091806
2091910
2091929
2092482
209315
2093413
209444
209453
21
2.1
210101
2101685
2101702
2102161
210278
210279
2111668
2111872
2119889
2119920
2119950
2120000
2120043
2120816
212503
2126401
2126470
2126509
2131368
213143
2131481
2131525
21319
2132542
213291
2133
2133079
2133409
2133510
2133567
2134065
2134121
2134139
2134280
2134287
2136995
213763
2137765
2139
2139817
2140886
2140918
2140937
2141161
2141214
2141292
2141344
2141555
2141646
2142305
2142383
2142606
2142668
2142681
2142971
2143147
2143541
2143685
2143944
2144002
2144266
214599
214633
214698
214811
2149242
2149246
2150030
2150046
2150096
2150110
215896
2161645
2162
216280
2164102
216414
2164873
216597
217063
217212
2172183
2172346
2172422
217526
2176413
2176558
217733
2177538
2177564
2177586
2178070
2179052
2179217
2179287
2180170
2180385
2180392
2180515
2180868
2181218
2181351
2181369
2181729
2182413
2182444
218259
2182877
2183311
2184268
2184295
2185658
21.86
218637
218925
2190060
2191424
2191488
2191624
2191650
2191673
2191707
2191758
2191797
2191825
2191855
2191888
2191996
2192011
2192016
219413
2194657
2194847
2194870
2196149
219903
2.2
2201828
2202247
2202544
2202550
2203376
220365
2203907
2204412
2204540
2205319
2206104
2206172
2206217
2206228
2206301
2206365
2206384
2206403
2206480
2206542
2206545
2206564
2206611
220810
220838
2208717
2208787
2208865
2208938
2208967
2209016
2209040
221081
2211108
221186
221260
2214490
2214612
2217150
2217290
2217407
2218
2219728
2219878
2219988
2220185
222070
2225198
2225907
2226343
2226509
2226534
2227224
2228
2228022
2228627
2228713
2231623
2232038
223521
2240696
2240746
2240802
224172
2242228
2242258
2242820
224411
2245850
224610
2246384
2246927
2247327
2248431
2248459
2248531
2248563
2248956
2249329
2249401
2249437
2249547
2249579
2249836
2251253
2251268
2254456
2254633
2254714
225522
225754
2258614
2259827
226025
2261200
2265075
226581
2268835
227170
2272331
227387
227450
2279307
2279348
2279457
2279609
2279837
2280000
2280349
2281237
2281431
2281590
2281674
2282142
2282218
2283321
228365
2283903
22844
2284485
2285181
2285211
2285229
2285236
2285305
2285345
2285353
2285357
2287897
2288032
2288072
2289476
2289832
2289867
2290164
2290279
2290579
2291269
2291338
2291522
2291709
2291754
2293143
2293330
2293441
2293870
2293900
2294083
2294130
2294371
2295401
2295558
2296060
2296075
2296152
2296206
2296228
2296759
2296856
2296860
2296863
2299136
2299174
2299412
2299604
2299608
2299712
2299876
2.3
2300222
2300238
2300790
2301426
230153
2301551
2301652
2302243
2302263
230490
2305940
2307665
2307842
2308028
2308124
2308169
230821
2308487
2308578
2308613
2308623
2308639
2308643
23087
2.3.1
23125
2313042
2313240
231362
2313820
2314469
2316131
231899
23197
232073
2321071
232111
2321204
2321255
2321338
2321593
2321617
2321623
2321646
2321739
232407
2327656
2327733
2330468
2330748
2330860
2331102
2331288
2331462
2331518
2331540
2331554
2331579
2331588
2331620
2331773
2331779
2331881
2331909
2332037
2332174
2332209
2335538
2335801
2336385
2336483
2336522
2337029
2339034
2339089
2340514
2342120
2342129
2342140
2342146
2342896
2343588
2343625
2343692
2343760
2343793
2343800
2343860
2343921
2343996
2344050
2344064
2344083
234572
2346358
234765
2349232
234925
235012
235134
235287
2353344
2354400
2355329
2355667
2357006
2357531
235779
2358193
2359355
2359827
2360142
2360278
2360732
2360844
2360912
2361175
2361219
236242
2363601
2363702
2363722
2363761
2363858
236506
2365108
2365153
2367360
2367865
2368168
2368356
2368379
2369013
236955
2373266
2373582
2377446
2377641
237771
2377756
2378063
2378960
2378975
2379119
2379177
238136
238208
2382338
2385128
2386431
2386437
238679
2388405
2389568
2389679
2390945
2391229
2391414
2393546
239468
2395542
2396323
2396896
239731
2397512
2398021
2398334
2399807
2399880
2400050
240034
2401382
240189
2402648
2402657
2403061
2405083
2405118
2410940
2412091
2412115
2412339
2412491
2412521
2412572
2412618
2412668
2412771
2412935
2413271
2414044
2414198
2414595
2414654
2414772
2415125
2418044
2418194
2418257
241896
242189
2423669
2424887
2426409
2427391
2427421
2427497
2427505
2427532
2427602
2430547
2430568
2430947
2431057
243146
2433385
243506
243567
2437908
2437947
2438041
2438183
2438186
2438268
244009
2440753
2440997
2441099
2441745
2441749
2441794
2441952
2442313
2442520
2442609
2442687
2444957
244721
2449710
245003
2451953
2451970
2452017
2452110
245219
2452220
2452338
2452481
2452614
2452682
2452704
2452726
2452908
2453009
2453185
2453235
2453287
2453297
2453327
2453351
2453363
2455438
2455523
2455647
2455809
2457019
2457089
2457151
2457247
245853
245881
2459750
24604
2461465
246148
2461820
2461925
2461989
2462036
2462080
2462174
2462227
2462230
2462264
2462386
246251
2463432
2463706
2463711
2463746
2463759
2463798
2463836
2463971
2463998
2464083
2464115
2464180
2464346
2464430
2464460
2464486
2464494
2464522
2464704
2465559
246613
2470256
2470392
2470459
2472697
2473115
2473159
247359
2474380
2475127
2475821
2476268
247629
2476432
2476438
2476493
2476506
2476651
2476710
2476936
2476945
2477087
2477095
2477149
2477150
2477164
248049
2481773
2482913
2484005
2484044
2484507
2484865
2485028
2485364
2485422
2485978
2486084
2486134
2486234
2486324
2486804
2486936
2487654
2487701
2487988
2488003
2490556
2490647
2491525
249231
2492451
2493421
2493477
2493551
2496085
2496312
2496358
2496504
2496595
2496622
2496799
249695
2497232
2497338
2498974
2499063
2499307
2499330
2500151
2500507
2500549
2500860
2501425
2501559
2502612
2502627
2502666
2502705
2502779
2502817
2502895
2502985
2503136
2503172
2503246
2503350
2503378
2503426
2503484
2503486
2503540
2503567
2507525
2507542
2509643
2512314
2512935
2513102
2513331
2513679
2515619
2515728
2515760
2516072
2516105
2516209
2516268
2516285
2516296
2516635
2516708
2516715
2516721
2516726
2516747
2516754
2516781
2516798
2516806
2516815
2516820
2516838
2516845
2517038
2517112
2517271
2517342
2517350
2517516
2517708
2517732
2517757
2517814
2517864
2517889
2517926
2517996
2518021
2518031
2518092
2518158
2518311
2518329
2518416
2518426
2518476
2522655
2522787
2525219
2525577
2525587
2525602
2525737
2525809
2525874
2526090
2528237
2529020
2529050
2529073
2529099
2529115
2529125
2529143
2529156
252917
2529213
2529233
2529296
2529313
2529314
2529321
2529333
2529353
2529387
2529418
2529422
2529474
2529475
2529552
2529563
2529564
2529576
2529608
2529621
2529639
2529640
2529650
2529658
2530555
2530567
2530569
253250
2532913
2533387
2533404
2533416
2533553
2533699
2534994
2535171
2536795
2536802
2536814
2536872
2536890
253690
2536921
2538603
2538660
2538679
2538879
2539112
2539158
2539164
2539361
2539395
2540031
2540064
2540239
2540324
2540328
2540346
2540347
2540352
2540355
2540364
2540379
2540383
2540403
2540412
2540431
2540457
2540472
2540480
2541140
2541199
2542426
2543178
2543304
2543397
2543455
2543480
2543514
2543551
2543615
25437
2543722
2543813
2543916
2544796
2545050
2545362
2545552
2545653
2545741
2545789
2545800
2546000
254692
2549749
2549782
2550469
2550643
2550732
2551055
2551761
2551800
2551878
2551886
2551896
2551912
2551918
2552003
2552165
2552187
2552214
2552246
2552267
2552350
2552410
2552445
2552449
2552456
2552507
2552566
2552701
2552813
2552845
2552853
2552855
2552875
2552892
2552902
2552915
2552920
2555300
2555357
2555705
2555797
2555809
2555827
2555845
2555893
2556103
2556426
2556542
2556631
2556701
2556844
2556897
2558929
2559011
2559302
2559479
2560138
2560443
2560513
2560528
2560809
2561041
256105
2561349
2561366
2561389
2561526
2561614
2561618
2561659
2561678
2561684
2562449
2562985
2563014
25632
2563407
2563424
2563444
2563573
256625
2567012
2567271
2567317
2567656
2567694
2568265
2568601
2569001
2569005
2569050
2569080
2570662
2570711
2572126
2572161
2572250
2572422
2573060
2573154
2573320
2573989
2574017
2575014
2575627
2576617
2576686
2576718
2576911
2577747
2578005
2578059
2578093
2578125
2578148
2578166
2578192
2578207
2578213
2578220
2578233
2578245
2578252
2578265
2578272
2578278
2578289
2578306
2578545
2578651
2578763
2578823
2578955
2579273
2579315
2579462
2579578
2579787
2580117
2580176
2580322
2580333
2580343
2581873
258397
2589342
2590480
2590760
2591155
2592393
2592438
2592516
2592567
2593202
2593627
2593686
2593810
2594017
2594137
2594174
2594725
2594732
2594735
2594738
2594843
2594882
259490
2595079
2595149
2595191
2595205
2595238
2595245
2595254
2595267
2595273
2595288
2595332
2595348
2596337
2596399
2596486
2597011
2597110
2597146
2597231
2597278
2597471
2597529
2597759
2597884
2599350
2599943
260035
2600403
2600519
2600728
2603743
2604244
2604271
2604377
2604413
2604419
2607838
2607989
2608829
2608881
2608989
2614119
2614796
2615500
261721
261941
2620797
2625247
2626150
2627739
2630170
2630461
2633983
2633990
2639108
2639131
2642156
264229
2642771
2642975
2643248
264487
2646916
2646970
2647147
2647191
2647212
2647270
264731
2647547
2647641
2647645
2647665
2647667
2647668
2647670
2647684
2647696
2647709
2650058
2650298
2651176
26541
2655644
265570
2655760
2655850
265591
2655939
2656211
2656515
2656792
2656796
2657140
2657316
2657370
265889
2659271
2659379
2662635
2662867
2663059
2663167
2663214
2663232
2663311
2663530
2664496
2666740
2666825
2666867
2667029
2667069
2667108
2667201
2667284
2667300
2667338
2667453
2667458
2668205
2668682
2669772
2670353
2670406
2670568
2670715
2671093
2671107
2676120
2676185
2676405
2676891
2676983
2677360
2681874
2682241
2682378
2682413
2682424
2682429
2682937
2682980
2683003
2683121
2683165
2683338
2683353
2683368
2683513
2683520
26841
268520
2686387
2686674
2686773
2689813
2694653
2694794
2695112
2695185
2695208
2695216
2695312
26979
2699260
2699306
2699349
270015
2700347
2700504
2700723
2700839
270506
2705549
2705580
2705598
2705610
2713766
2720225
2722175
272373
272490
2726753
2727228
2727918
2728005
2728013
2728127
2728163
2728294
2728333
2728508
2728543
2728743
2728804
2728821
2729596
2729629
2729697
2729732
2729744
2729748
2729753
2729763
2730063
2730096
2730109
2730163
2730329
2730403
2730433
2730436
2730470
2730718
2730731
2730736
2730741
2730860
2730932
2730939
2730981
2730986
2730989
2731002
2731046
2731066
2731112
2731116
2731128
2731180
2731192
27333
2735253
2735281
2735387
2735462
2735467
2735534
2735653
2735676
2735734
2735752
2735832
2735935
2736025
2736438
2736504
2736526
27366
2738034
2738390
2741179
2741374
2741652
2741830
2742071
2743409
2743459
2748708
2748722
2748772
2748903
2749413
2750341
2750908
2751155
2751179
2751275
2751704
2752347
2752600
2752668
2754138
275424
2754443
2754615
275523
2755538
2755821
2755944
2756017
2756039
2756062
2756107
2756123
2756210
2756243
2756355
2756366
2756408
2756409
2756414
2756418
2756428
2756439
2756459
2756466
2758664
2762407
2764742
2764936
2765096
2765115
2765481
2765526
2766198
2766283
2766318
2766349
2766450
276653
276660
2766629
2766736
2766826
2766862
2766875
2766978
2766988
2766997
2767032
2767036
2767050
2767056
2767865
27701
2772636
2775319
2775347
2775635
2775837
2776004
2776147
2777107
277723
27803
278100
2781663
2781669
2781779
2782033
2782243
2782378
2782543
2782564
2785253
2785636
2785757
2786234
2788324
278896
279052
2791107
2791383
2791527
2791681
2792386
2794185
2794331
279450
2799194
2800419
2800517
2800884
2801032
2801098
2801202
2801250
2801270
2801290
2801312
2801349
2801366
2801655
2801766
2801798
2801823
2801941
2801987
2802392
2802430
2802635
2802805
2803209
2803219
2803558
2803621
2803628
2803634
2803654
2803874
280489
2809035
2809123
2809206
2809363
2809406
2809416
2809458
2809483
2809553
2810915
2811753
2812091
2812745
2813824
2813838
2814068
2814072
2814111
2814370
281476
2815717
2816190
281666
2818513
2819322
2819362
2819645
2820761
2820869
2821542
2821543
2821546
2821607
2821610
2822669
2822696
2822752
2823165
2825516
2825545
2825591
2825706
2825779
2825786
2825804
2825837
2825844
282590
2825912
2825940
2825945
2825981
2826006
2826059
2826614
2826679
2826714
2826734
2826781
2826798
2826816
2826888
2826901
2826914
2826933
2828593
2828938
2829489
2829746
2829877
2830240
2830266
2831002
2831080
2834047
2834881
2835453
2836113
2836502
283952
2840678
2841140
2844081
2844284
2844302
2844350
2844377
2844397
2844693
284480
28493
2850862
2850867
285186
2852846
2853031
2853438
2853968
285494
2860181
2860201
2860223
2860264
2860321
2863341
2863507
2863860
2866472
2866611
2867113
2867121
2867137
2867303
2867436
2867448
2869541
2869566
2869710
2869750
28699
2873810
2874047
2874092
2874147
2874327
2874423
2874578
2874724
2875188
287519
2875335
2875530
2875675
2875706
2875785
2875802
2876733
2876742
2876779
2876820
2876831
2877594
2877652
2877850
2878052
2878200
2878232
2878261
2878286
2878314
2878407
2878483
2878512
2878527
2878569
2878603
2878648
2878680
2878752
2878772
2878802
2878816
2878835
2878851
2878861
2878877
2878937
2878972
2878987
2878993
2879054
2879068
2879087
2879102
2879112
2879160
2879166
2879185
2879189
2879197
2879202
2879213
2879218
2879224
2879252
2879255
2879263
2879287
2879325
2879331
2879334
2879347
2879442
2879445
2879503
2879549
2879555
2879564
2879576
2881083
2881093
288825
2888526
2890154
2890306
2891836
2892072
2892073
2893545
2893633
2893732
2893881
2893929
2893989
2894019
2894599
2895548
2895732
2895792
2895905
2896012
2896244
2896374
2896427
2896560
2896848
2897229
2897408
2897565
2901398
2901599
2902451
2902833
2902916
290382
2904023
2904106
2904200
2904289
29051
2905998
2907758
2908340
2912038
2913555
2913830
291385
2915536
2916020
2916120
2916217
2916681
2916799
2917187
2917204
2917309
291808
2920022
2920042
2920340
2920373
2920427
2920485
2920491
2920641
2921177
2924479
2924597
2924720
2924902
2925121
2925162
2926230
2926382
292959
2933687
2933947
293426
2934591
2934595
2935113
2935932
293615
2937602
294013
2941540
2941583
2941614
2941641
294237
29450
294747
294990
2950502
2951066
295190
2952711
2954975
2955458
2958261
2958550
2958679
2958846
2959242
2960918
2961706
2965742
2972939
2972967
2973016
2973045
2973076
2973097
2973177
2973244
2973256
2973276
2973663
2973727
2973959
297434
2974391
2974404
2974447
297524
2979909
298062
298271
298518
298562
2985743
298818
2988358
2988420
2988443
2988466
2988499
2988613
2991975
2992019
2994433
2994468
2994476
299549
299566
2996479
2996607
299837
2999949
30
3000362
3000825
300154
3001875
3001962
3001981
3003175
3003190
3003212
3003332
3003334
3003408
300418
3004755
3005237
3005263
3005429
3005634
3005896
3005940
300620
3006344
3006754
3007004
3007053
3007066
3007780
3008722
3009546
3009848
301187
3012820
3012901
3013111
3013154
3013288
3013336
3013369
3013390
3013406
301422
301433
3015603
3015640
3015667
3015684
3015723
3016114
3016159
3016212
3016491
3016558
3017096
3018780
3019164
3019246
3019454
3019717
3019748
3020380
3020433
3021186
302124
3023125
302381
3024000
3024256
3024420
3024613
3026380
3027356
302810
3028281
3029913
3033170
3033838
3034121
3034267
3034912
3035146
3035302
3035321
3035341
3035646
3036430
303661
3037507
3037709
3039505
3039561
3039585
3039699
3039719
3039750
304048
304409
3052635
3052821
305477
3054804
3055145
3055157
3055177
3055191
3055694
3055735
3055790
3055924
3056026
3056309
3056481
3056843
3057139
3057360
3058028
3058557
3058794
3058863
3058884
3058907
3058918
3058947
3059062
3060033
3060429
3061694
3061904
3062561
3062837
3062961
3063325
3063536
3064029
3064517
3064644
3064790
3064856
3066406
3066498
3066692
3067213
3067557
306902
3069772
3069816
3071212
3071222
30715
307169
307391
3074356
3074699
3076234
3076344
3076393
3076591
3076946
3077001
3077261
3077264
3077283
3077569
3079522
3079538
308026
3081218
3081365
3081640
3081815
3081845
3081911
3081977
3082730
3082733
3083365
3085147
3085239
3085328
3085767
3086457
3086677
3087092
3087099
3087130
3087149
3087150
3087184
3087263
3088189
3088297
3089068
3092110
3092750
3092804
3092818
3092906
3092966
3093150
3093180
3093224
3093462
3094063
3094191
3096401
3096457
3096493
3096565
3096841
3096845
3097962
3097978
3098314
3098401
3098419
3098552
3098743
3098765
3098951
3099613
3099840
3100206
3100350
3101285
3101478
3101513
31031
3104315
3104559
3105366
3105809
3105899
3106040
3106092
3106243
3106512
310806
3109496
3114372
3114385
3114422
3115561
3115805
3116251
3117203
3117384
3117550
3117816
31215
312218
312560
3125825
3126039
3126331
3126349
3126581
3126618
3132603
3133221
313325
3133664
3133744
3136550
3136790
3136820
3137890
313864
3139611
3140358
31441
3146009
3147015
3147053
3147094
3147162
3147199
3149819
315159
315280
3154222
3155118
316518
3167183
3168585
3169644
3173886
3173890
3175925
317698
3179858
3181088
3181559
3182398
3182464
3187139
3187187
3187318
318744
3187594
3187721
3187740
3187753
3187843
3187877
3188088
3189908
3190053
3190153
31907
319071
319084
3191630
3191721
3192033
3192263
3192527
3192562
3192589
3192595
3192624
3192643
3192703
3193166
319375
3195575
3195617
3195621
3195697
3195740
3195809
3195868
3195887
3196184
3196291
3196326
3196340
319688
3197568
3197576
3199554
3201376
3201475
320183
3203233
3203347
3203869
3203893
3204291
3204358
32048
3205088
3211750
3212233
3212526
3212858
321352
3213653
3213748
3213767
3213858
3214135
3214341
3215289
321573
3216245
321640
3217323
3217365
3217398
3217481
3217531
3217565
3217568
3217634
3220114
322027
3220985
3221037
3221078
322108
3221186
3221381
3221488
3221883
3222155
3222918
3223002
3223455
3224443
3224782
3228126
3228586
3230333
3230447
32312
3231322
3231676
3232105
3232191
3233970
3234082
3234116
3234127
3234142
3234341
3234658
3234882
3235172
3235430
3235461
3235495
3235580
3235584
3235603
3235749
3236008
3236024
323650
3236543
3236563
3236601
3236792
3236848
3236995
3237279
3237288
323828
3238753
3239009
324018
3241800
3243253
3243603
3243698
3243864
3243924
324417
3245238
3245367
324729
3248857
3249026
3251000
3251885
3252211
3252500
3253458
3253490
3253513
3253579
3253585
3253611
3253614
3253617
3253704
3253774
3253829
3253835
3254007
3254232
3254402
3254738
3254764
3255021
3255276
3255584
3255820
3255934
3256193
3256589
3256760
3257024
3257189
3257705
3258066
3258364
3258727
3259081
3259498
3259851
3259867
3260206
3260314
3260502
3260581
3261086
3261167
3261216
3261283
3261363
3261424
326158
3261913
3261921
3262063
3262305
3262801
3262955
3263558
3264481
3264698
3264887
3265081
3268533
3268601
3268993
3269170
3271193
3271535
3271955
3273020
3273865
3274033
3274061
3274096
3274837
3275085
3275130
3275182
327574
3276167
327695
3277125
3277474
3278802
3278829
3278831
3278848
3278860
3278920
3278963
3279021
3281938
3283033
3283210
3283232
328469
3284776
3285430
3286409
3286433
3287493
3288182
3288866
3289460
328977
32898
3290506
3292235
3292525
3292675
3292870
3292878
3293969
3296685
329741
3298142
3298149
3298645
329978
330273
33042
3306681
3306853
330865
3310803
3311402
3311687
3311730
33124
331366
331499
331822
3319082
3319134
3320282
3320608
3320860
332196
3324901
3324993
3325173
3328537
3328988
332984
3330111
333121
333208
3333255
3333311
3333382
3333508
3333538
3334708
333475
3337807
333919
3340133
334108
3342163
3342173
3342283
334311
3343700
334373
3344093
3345082
3345324
3345602
3345627
3345792
33460
3346179
3348099
3348289
3348420
3348462
3348469
3348497
3348720
3348847
3349008
3349340
3349342
3349356
3349359
3349380
3349400
3349424
3349459
3349514
3349561
3349577
3349590
3349628
3349679
3349690
3349695
3349701
3349745
3349812
3349921
3349945
3349966
3349972
3349993
3350135
3350202
3350339
3350583
3350800
3351203
3351346
3351757
3352521
3353369
3353475
3353482
3353485
3353498
3353510
3353902
3354388
3354412
3354420
3354427
3354438
3354445
3354460
3354472
3354513
3354516
3354523
3354743
335586
3355862
3355892
3355937
3355943
3355948
3356017
3356019
3356058
3356082
3356096
3356156
3356201
3356263
3356289
3356311
3356390
3356393
3356416
335651
3360147
3361952
3362085
3362143
3362167
3362218
3362252
3362280
336762
3371346
3371371
3373004
337397
3374092
3374808
3377064
3377875
33800
338064
3382654
3384147
3384873
3385115
3385128
3388739
3389023
339039
339099
3391756
3391787
3391799
3391810
3391814
3391829
339278
3394251
3394445
3394728
3396710
3396778
3396848
3397485
3397637
3399716
3400437
3400728
3401090
34012
3401657
3402019
3402379
3403323
340357
340439
3404952
3406277
3406280
3406323
3406324
3406387
3406422
3406451
3406473
3406488
3407737
3407775
340948
3410095
34103
3411761
3416452
3417932
342075
3420994
3421197
3421899
3422418
3423572
3423750
3424152
3424167
3425284
3427650
343
3431357
3431440
343273
3435054
3435439
3439144
3439156
3439302
3439303
3439306
3439309
3439311
3439312
3439313
3439318
3439319
3439320
3439323
3439324
3439326
3439332
3439335
3439343
3439347
3439350
3439354
3439358
3439361
3439364
3439374
3439379
3439384
3439387
3439389
3439390
3439393
3439394
3439396
3439402
3439407
3439410
3439415
3439417
3439423
3439427
3439429
3439435
3439438
3439439
3439441
3439445
3439446
3439448
3439451
3439452
3439455
3439457
3439458
3439459
3439466
3439469
3439472
3439473
3439475
3439477
3439482
3439483
3439487
3439488
3439492
3439494
3439495
3439496
3439498
3439499
3439501
3439505
3439507
3439508
3439510
3439512
3439513
3439515
3439516
3439519
3439522
3439523
3439524
3439527
3439528
3439529
3439532
3439559
3439563
3439565
3439567
3439568
3439569
3439572
3439574
3439578
3439581
3439583
3439585
3439586
3439589
3439591
3439593
3439596
3439597
3439600
3439604
3439605
3439607
3439609
3439610
3439617
3439619
3439621
3439623
3439625
3439627
3439629
3439632
3439634
3439635
3439637
3439638
3439641
3439642
3439645
3439648
3439649
3439653
3439655
3439656
3439658
3439659
3439660
3439661
3439662
3439663
3439664
3439665
3439667
3439669
3439670
3439672
3439674
3439675
3439680
3439681
3439682
3439685
3439689
3439690
3439691
3439692
3439694
3439696
3439699
3439702
3439703
3439705
3439706
3439708
3439710
3439712
3439714
3439716
3439717
3439718
3439719
3439722
3439723
3439724
3439725
3439726
3439728
3439729
3439731
3439733
3439734
3439736
3439737
3439738
3439740
3439742
3439744
3439745
3439749
3439750
3439753
3439755
3439757
3439759
3439760
3439761
3439763
3439765
3439769
3439770
3439774
3439776
3439779
3439780
3439784
3439785
3439786
3439787
3439788
3439790
3439791
3439792
3439794
3439797
3439798
3439800
3439801
3439802
3439804
3439806
3439807
3439808
3439810
3439812
3439817
3439820
3439821
3439823
3439824
3439825
3439827
3439829
3439833
3439834
3439835
3439836
3439839
3439843
3439845
3439848
3439850
3439854
3439857
3439858
3439860
3439861
3439862
3439863
3439864
3439865
3439866
3439868
3439871
3439872
3439874
3439876
3439877
3439878
3439880
3439881
3439884
3439887
3439888
3439889
3439890
3439895
3439896
3439898
3439902
3439908
3439911
3439915
3439916
3439917
3439919
3439924
3439927
3439931
3439933
3439934
3439937
3439938
3439940
3439942
3439944
3439946
3439951
3439952
3439954
3439955
3439956
3439957
3439959
3439960
3439961
3439964
3439965
3439966
3439968
3439969
3439972
3439973
3439976
3439977
3439978
3439980
3439981
3439982
3439984
3439985
3439986
3439987
3439989
3439990
3439993
3439994
3439996
3439998
3440000
3440002
3440004
3440007
3440008
3440011
3440012
3440014
3440015
3440018
3440019
3440020
3440021
3440024
3440026
3440029
3440032
3440035
3440036
3440037
3440039
3440040
3440041
3440043
3440044
3440046
3440047
3440050
344038
344490
344545
3451447
3451962
3452480
3452637
3452666
3452711
3452840
34560
3456348
3459990
3460005
3461344
3462941
3465296
346591
3466187
3469585
3471813
3472877
3474001
347829
347848
347886
3480426
3486716
3486786
348781
3489553
3489600
3489619
349418
3496296
3497408
3499980
3500171
3500231
3500924
3501325
3501400
3502879
3503090
3503161
3503220
3503415
3504561
3504962
3505135
3505186
3505301
350656
350688
350718
3507586
3509992
3510168
3512136
351230
35126
3513287
3515072
3515099
351534
351557
351575
3516216
3516235
3516254
3516302
3516487
35167
3516820
3518594
351994
35216
35258
3528152
352865
35332
35351
35412
3541325
3542043
3542294
3544250
3544624
3545391
3546307
3546839
354744
3548137
3550777
3553254
3558600
355876
3559
35592
355961
356007
3560674
3562271
3562334
356237
3564451
3565372
3566214
3566969
3566977
3567099
3567131
3567159
3567211
356797
3568078
3568102
356941
357300
357397
3574100
3574492
357492
3575269
3575386
3575438
3576690
3579067
357954
3583081
3583103
3584415
3585409
3585434
3585926
3586829
3587090
3588077
3588121
3588418
3588732
3589400
3590198
3590228
3591150
3591168
3591184
3591381
3591436
3591628
3591686
3592526
3593007
3593038
3593124
3594597
3594645
3594687
3594746
3594984
3595010
3596248
3597689
3598209
3598234
3599022
3599092
3599213
359939
359967
3599690
3599702
3599932
3600039
3600070
3600151
3600236
3600312
3600617
3601699
3601857
3602063
3602108
3602182
3602290
3602439
3603234
3607407
3610428
361047
3610506
3611283
3611428
3611499
3611550
3611670
3611702
3611809
3611838
3611853
3611963
3611975
3612095
3612158
3612171
3612239
36140
361478
361597
3616010
3616015
3616032
3616068
3616098
3616184
3616517
361660
3617185
3619015
3619217
3621190
3621273
3621306
3621320
3621334
3621336
3621345
3626110
362694
3628241
3628425
3628643
3628674
3628736
3628764
3628910
3628978
3629069
3629082
3630845
3630915
363112
3631251
3634690
3635599
3636795
3636799
3637012
3637051
3637344
3637686
3637718
3637753
3637756
3637761
3637762
3637768
3637858
363789
3638094
3638096
3639674
3640825
3640978
3641106
3641319
3641361
3641432
3641437
3641673
364232
364253
3642726
3643055
3643148
3643209
3643262
3643303
3643311
3644981
3645062
3645115
3645291
3645411
3645430
3645472
3645478
3646043
3647634
3647642
364913
3650727
365483
3655381
3655406
365670
36599
366237
3665159
3665754
3666123
3667087
366940
3670020
3670521
3671653
3674588
3674979
3674999
3676232
3676947
367698
36794
368219
368324
3683630
368795
369046
3690667
3690869
369130
3691984
3692055
3692123
3692162
3692220
3692307
369582
369591
369673
3697427
36977
3697733
369869
3700757
3701368
370208
3702481
3702961
3705092
3706927
370764
370807
3710842
3711648
3712736
3712863
3713721
3713877
371425
3718673
3726484
372886
373249
3736584
3736862
3736959
3736986
373962
3740483
3742276
374247
3742897
3743951
3744022
3744272
3744286
3744293
374688
3747472
3747863
3747952
3747963
3750863
3750966
3756004
376207
3763978
3764164
3764251
377243
3772933
37774
377950
378199
378204
378849
37936
379368
3797079
380426
380546
380820
380921
381791
3820258
3820560
3820634
3823
382464
382502
38268
382744
3828015
3828629
3830661
3830845
3831771
3832896
3833060
3833281
384056
384117
3845358
384620
3851317
3851363
3851375
3852007
3852777
3853457
385463
385773
3860201
3863990
3864027
3865597
386611
3868613
3868636
3868745
3868785
3868798
3868891
387239
3876075
3877257
3877611
388022
3883707
3885458
3886690
38867
388776
389615
3899608
3902966
3903851
3904406
3904450
3904573
3906102
3906177
3906192
3906202
3906210
3906215
3908096
390945
391173
3915318
3915390
3915415
3916266
3916469
391966
3920196
392027
3920346
3922516
3922523
392312
392613
392727
393250
3938082
3938181
3938219
3938287
3938581
3939006
3939106
3939243
3944523
3944778
3945448
3945817
3945915
3946176
3947078
3947137
3947209
3947286
3947297
3947314
3947467
3947693
3947750
3949101
3951702
395243
3958774
395915
395983
39.63
396365
396563
396727
3967686
396875
3969984
3970298
397044
397200
397474
397599
3979523
3979731
3979892
3980238
3980270
398132
398207
398437
398900
399132
4
400039
4002129
4002596
4002668
4002789
4002861
4004299
4004811
4005325
4005330
400893
401019
4011969
4013391
4013549
4013575
4013583
4014254
4014396
4016450
4016585
4017544
401928
4023494
4026847
4026905
4026983
4027115
4027122
402846
403815
403965
404092
40435
404362
404723
4050325
4050522
4053502
4054
4054044
4054469
4054522
4054643
4054764
4055442
4055605
406009
4060560
40612
4061921
406246
4066269
4066314
4066359
4066668
4067837
407074
407266
4074562
4077443
4082651
408281
4084073
4086058
4087085
4087406
408814
4092594
4093232
4094144
409508
4097939
409796
409972
4100582
4100615
4100630
4100645
4100654
4100661
4100685
4100696
4100701
4100710
4100784
4100799
410080
4100802
4100819
4100826
4100829
4101763
4101771
4101780
4101793
4101805
4101814
4101827
4101927
4101948
410233
4102435
410251
4102956
4103138
4103580
4103844
4104030
410441
4105286
4108548
4110004
4110071
4110163
4110233
4110256
4110263
4110290
4110323
4110363
4110404
4110424
4110436
4110450
4110458
4110635
4110655
4110668
4110692
4110693
4110700
4110970
4110973
4111005
4111055
4111070
4111074
4111079
4113530
4113690
4113701
4113734
4113775
4113793
4113888
4113918
4113925
4114060
4114069
4114072
4114076
4114091
4114122
4114136
4114143
4114193
4114414
4114424
4114432
4114450
4114457
4114461
4114465
4114595
4114619
4114624
4114636
4114649
4114671
411472
4115546
4115560
4115565
4115578
4115592
4115621
4115633
4115640
4115651
411715
411753
411820
4122464
4122466
4122474
4122511
4122522
4122529
4122535
4122543
4122548
4122552
4122557
4122569
4122577
4122583
4122640
4122664
4122671
4122679
4122807
4122820
4122871
4123138
4123159
4123300
4123392
4123428
4123440
4123465
4123478
4123496
4123504
4123511
4123513
4123616
4123624
4123627
4123635
4123643
4123648
4123656
4123662
4123668
412389
4123917
4123931
4123949
4124177
4124188
4124568
4124624
4124663
4124885
4125468
4125493
412679
4127803
4129346
4130447
4131320
413133
413303
413373
4133889
4133921
4136151
4136548
4136736
4136752
4136762
4136770
4136826
4136843
4136849
4136858
4136884
4136910
4136913
4136925
4136941
4136948
4136953
4136961
4136971
4136975
4136988
4136989
4136994
4136999
4137006
4137016
4137041
4137046
413724
4137288
4137295
4137404
4137543
4137560
4137564
4137674
4137701
4137841
4138189
4138205
4138227
4138246
4138260
4138339
4138670
4138980
4139049
4139076
4139194
4139278
4139286
4139298
4141312
4141412
4141504
4141512
4141516
414525
4145427
4145510
4145513
4145516
4145518
4145521
4145522
4145523
4146356
4146372
4146385
4146408
4146425
4146434
4146600
4146634
4146768
4146782
4146787
4146794
4146826
4146830
4146833
4146838
4146850
4146852
4146898
4147091
414724
4147662
4147678
4147692
4147772
4147804
4147818
4147836
4147964
4147967
4147969
4147973
4147975
4147979
4147980
4147996
4148006
4148009
4149459
4149460
4149464
4149466
4149469
4149470
4149471
4149472
4149474
4149482
4149485
4149487
4149489
4149491
4149495
4149497
4149503
4149506
4149701
415330
415518
415600
4156862
415710
4157531
4157775
4157807
415781
4157868
4157923
4157953
4157986
4158744
416235
4163387
4163394
4163402
4163404
4163420
4163439
4163480
4163482
4163490
4163500
4163675
4164039
4164041
4164049
4164055
4164062
4164069
4164075
4164079
4164083
4164104
4164594
4164599
4164606
4164619
4164629
4164633
4164722
4164762
4164847
4164906
4164943
4164945
4164964
4164968
4164971
4164990
4165005
4165111
4165118
4165122
4165130
4165135
4165138
4165200
4165229
4165238
4165239
4165835
4165847
4165893
4165927
4165931
4166000
4166050
4166112
4166117
4166189
4166224
4166260
4166346
4166400
4166437
4166443
4166448
4166449
4166453
4166507
4166529
4166600
4166601
4166605
4167341
4167343
4167344
4167349
4167351
4167735
4167741
4167745
416783
4168915
417039
4170785
417342
4175472
4175526
4175549
4175552
4175980
4176356
4176360
4176401
4176745
4176786
4177344
4177542
4177644
4177767
4177901
4178030
4178384
4179745
4179921
4179928
4179993
4180039
4180120
4180134
4180213
4180218
4180219
4180221
4180224
418032
4180396
4180500
4180888
4181126
4181130
4181134
4181199
4181236
4181415
4181550
4181744
4181810
4182026
418206
4182065
4182075
4182084
4182087
4182099
4182109
4183172
4183205
4183502
4183510
4183522
4183527
4183549
4183576
4184062
4185733
4185818
4185836
4185907
4185999
4186034
4186055
4186063
4186074
4186150
4186155
4186160
4186164
4186166
4186168
4186174
4186177
4186190
4186199
4186217
4186222
4186233
4186285
4186311
4186315
4186319
4186394
4186408
4186432
4186435
4186446
4186459
4186928
4186982
4187760
4187790
4188582
4191243
4194651
419504
4195119
419656
4199043
4199189
4199371
4200214
4200804
4201514
4201685
4203072
4203189
420350
4205915
420681
4207888
4207952
420833
4209985
4210218
4210504
421058
4211110
4211178
4211193
4211614
4211667
4213891
421416
4215142
421571
4216012
421816
421950
4222790
4222817
4224239
4224304
422477
4227478
42290
4231474
4238822
423918
4242683
4242714
4243209
4243427
4244079
4244804
4245203
4245371
4245390
424560
4246650
4247030
4247352
4247512
4247572
4247575
4247630
4247639
4247780
4247877
4248162
4248199
4248435
4248953
4249006
4249322
4249458
4250165
4250464
4250871
4253740
4254597
4254873
4254896
4254938
4255101
4255180
4255229
4255544
4255773
4256779
4257247
4257252
4257291
4257305
4257344
4257348
4257355
4257561
4257567
4257570
4257624
4257657
4257765
4258381
4258641
4258654
4258686
4260397
4260440
4260798
4262159
4266090
4266350
4267366
4269435
4271571
4271645
4271981
4272019
4272387
4272956
4273057
4273177
4275828
4277219
4281412
4281677
4285899
4293980
42945
4298172
429882
429919
4301656
430337
430338
4304319
4304468
4304478
4304484
4304500
4306466
4306494
4306535
4306540
4306556
4306764
4307325
4307326
4308008
4308010
4309113
4309127
4309152
4309171
4309329
430933
4309441
4309442
4311570
431192
4312450
4312489
431286
4312927
4312936
4313011
4313608
4313610
431413
431495
4315899
4316096
4316194
4316350
4316372
4316442
4316785
4317858
4317947
4317948
4318130
4318132
4318136
4318184
4318186
4318198
4318204
4318213
4318221
4318254
43184
4318762
4319221
4319518
431967
4321600
4321611
4322002
432436
4324877
4325751
4326105
4326135
4326862
432792
43.28
4331436
4331439
4332433
4332616
4332931
4333011
4333147
4333232
4333307
4333431
4333432
4333477
4333556
4333631
4333897
4334006
4334043
4334045
4334171
4334241
4334355
4334369
433442
4335476
4339843
434162
4342727
4342994
4342995
4342997
434490
434785
4348961
4350083
4350084
4350085
4350086
435086
4351802
4351803
4351805
4351806
4353576
4353646
4353711
4353714
4354174
4355544
4355840
4355871
4355872
4356482
4356554
4357543
4357597
4357705
4357713
435789
4358582
4358982
4360235
4360328
4360346
4360351
4360552
4361746
436187
4362442
437119
4374552
4374574
4374636
4374642
4376608
4376983
4377123
4377272
437774
4384437
4384572
4386797
4387035
4387153
4387228
43873
4388774
4388780
4389130
4392352
4397446
4397805
4399971
4404148
4404702
4405224
4405228
4405387
4407823
4408141
4410151
4410289
4410338
4410436
4410573
4410960
4411595
4412919
44141
441451
4416058
4416887
4417062
441852
441974
4420141
4420143
4420149
4420154
4420156
4420162
4425506
4425525
4428707
4428711
4428713
4428726
4428732
4428733
4428734
443456
4436300
4436331
443643
443647
4441056
4441281
4441315
4441336
4441720
4441808
4441909
4441975
4442244
4442270
4442283
4442604
4442691
4443343
444363
4443785
4445246
4445342
4445391
4445512
4445703
4445911
4445976
4446221
4446233
4446237
4446266
4446298
4446316
4446359
44483
445016
445681
4457448
4457469
4458051
4458226
4458555
4458560
4458597
445989
446347
446349
4464368
446573
4476138
448234
4482421
4482600
4482602
4484200
4484237
4484555
4484589
4484660
448483
4484982
4484985
4484992
4484996
4485002
4485007
4485041
4485057
4485062
4485066
4485090
448869
449167
4491752
4493362
4493469
4493491
4493493
4493500
4493509
4493513
4493523
4493547
4493686
4493735
4493737
4493744
4493764
4493772
4493775
4493781
4493786
4493809
4493828
4493850
4493896
449650
449767
4498120
4499436
4499544
4499550
4499555
4499560
4499596
4499598
4499605
4499608
4499613
4499616
4499620
4499625
4499628
4499634
4499640
4499645
4499650
4499660
4499666
4499669
4499681
4499691
4499696
4499700
4499705
4499710
4499735
4499740
4499743
4499866
4-5
450133
450152
4501893
4502982
450552
4508663
4509261
4509743
4511015
4512495
451378
45145
4515317
4515364
4515384
4515386
4515404
4515412
4515419
4515426
4516416
4517204
4517404
4517429
4517482
4517496
451815
4518957
4519543
4521524
4522047
4522391
4522394
4525292
4526689
4526961
4527162
4527394
4527756
4527875
4527911
4527914
4527921
4527940
4527954
4528260
4528299
4532248
4532509
4532646
453351
4533942
4534209
453530
4536644
453732
4537333
4537700
4537702
4537705
4537712
4537715
4537716
4537838
4537843
4537850
4537857
4537859
4537862
4537867
4537871
4537875
4537879
4537882
4537887
4537892
4537896
4537905
4537909
4537912
4537915
4540024
4540471
4542527
45454
4545459
4545503
4545728
4546940
4547020
4549200
4549804
4549882
4549922
4552978
4554271
4554357
4554531
4554805
4554827
4556164
4556311
455972
4560171
4560731
4561209
4561266
4561442
4561451
4561976
4562437
456285
456540
4570453
4570857
457342
4573754
4574656
457552
457666
4577369
4577370
4577705
4578264
4578424
457939
4579735
4580703
458107
458247
458296
458359
4585231
4586278
4587207
4587407
4587637
4587685
458801
4588021
4588155
4588899
4589696
4589998
4590374
4590774
4590884
4592977
4593563
4593823
4594441
4594743
4595091
4595384
4595445
459567
4596304
4597224
4600076
460465
4609016
461243
4613
4615904
4616081
4616126
4618011
4618018
4618389
4618403
461933
462077
462130
462181
462211
4622644
4622715
46238
4626467
4626670
4626713
4626876
4628551
462964
463058
4634491
4636457
464144
4642739
4642748
4642840
4642856
4642910
4642914
4642954
4642961
4643009
4643020
4643076
4643082
4643162
4643165
4643191
4643195
4643733
464393
4648666
4648692
4648703
4648710
4648825
4648865
4648931
4649298
4654257
465434
4654698
4659000
4660348
4660378
4661601
4662450
4662472
4662478
4662484
46691
4669219
46693
4672357
4676009
4676631
4677170
4677469
467823
4682247
468442
4686483
4686534
4689934
469241
4700719
4700921
4713696
471900
472037
4720663
4721802
4721975
4723755
472400
4724797
4724978
4725716
4726148
4727020
4727560
4728394
4728672
4729450
473203
473271
47328
473358
4734052
4734406
4734495
4734822
473510
4736987
473699
4737160
4737915
4739688
4741077
474315
4743674
474388
474389
474904
475168
475237
4754802
4754878
4757241
4757270
4763104
4763108
4763109
476432
4764337
4764341
4764345
4764415
4764427
4764463
4764491
4764502
4764842
4764857
4770894
477090
477118
4779095
4784060
4790492
4790893
4791234
4797394
479817
4799813
480035
4801859
4804023
480553
480573
480855
4811445
4811464
4812029
4812685
4814
4816973
4817399
4817415
4817705
481780
4819536
4821472
4821638
482338
4823617
4826940
4827116
4827129
4827130
4827147
482996
4843674
4844622
484620
484771
4847780
4848261
4848288
4848366
4848367
4848502
4848503
4850970
485373
4854777
485604
4856647
4858268
4858801
485906
486030
486169
4866190
486775
487002
487279
4876140
487784
488136
4882414
4883765
4884057
4887233
4887242
488810
489096
489351
4895849
4896099
4896540
4896867
4897986
489842
4899713
4900606
4900832
4900843
490503
4905415
4905633
4906765
4906788
4906873
4906894
4908888
4909263
4910052
4912067
491221
4912646
4913425
4913439
4913440
4913442
4913457
4913468
4913470
4913472
4913508
4913729
4913730
4913732
491381
4914136
4914278
4914284
4914300
4914396
4914397
4914567
4914654
4914659
4914670
4915924
4916939
4919803
4920059
4922318
4922351
4924414
49285
49292
493002
493230
4934139
4934261
4934316
4935464
49408
494252
4942936
4943406
4943511
4943512
4946773
494751
4947611
4948477
4949124
4949805
4949809
4950
4950538
495055
4950555
495129
4952125
4952746
495301
495805
4959264
4962703
4962826
4962974
4962979
496348
4969375
4969500
4970411
4970678
497161
4973443
4974226
4974715
4975486
4975557
4976037
497707
4977730
497983
498192
4982776
49828
4983399
4984191
498547
4988574
498938
4990265
4990810
499085
499088
49911
4991336
4991430
4992510
4992772
4992821
4993037
4993067
4994119
4994404
4994499
4994548
4994658
4994993
4995097
4995317
499731
5000554
5001329
5004422
500491
5015855
5016012
5016093
5016212
5016629
5016631
5016718
5016736
5016750
5016840
5016882
5016928
5016960
5017005
5018064
5018069
501969
5020371
5020735
5021
502358
5024239
5027639
5027826
5029198
5029207
5029412
5032297
5032749
5032750
5032754
5033502
5033732
5034702
5034764
5034788
5034799
5038879
5039352
5039436
5039456
5040565
504258
504453
5047942
5047946
5047982
5048235
5048239
5048242
5048246
5050248
5050327
505286
505304
5056007
5056010
5056043
5056052
5056160
5056165
5058437
5058598
5058760
5060224
5061349
5061579
5061584
5061591
5061593
5061606
5061612
5061615
5061618
5062027
5062035
5062039
5062057
5062063
5062069
5062080
5062470
5062473
5062479
5062486
5062488
5062493
5062500
5062887
5063204
5064184
5064803
5064923
507174
5073405
5073589
5073672
507511
5079627
508112
508128
5087189
5087479
508799
5094445
509493
510352
5104556
5108182
5114569
511475
511756
511802
511988
512143
5121713
5128033
5128045
5128052
5128056
5128064
5128082
5128089
5128148
5128149
5128505
5128514
5128519
5128524
5128543
5128548
5128573
5128828
5128830
5128834
5128837
5128843
5128844
5128847
5128870
5128946
5128966
5129038
513194
513272
5133314
513332
5133325
5133336
5133340
5134273
5138429
5138438
5138446
5138669
5138671
5138673
514324
5143254
514668
5147413
514864
5149200
5149270
5150661
515077
515090
515158
5155440
5155451
5157744
5157797
515904
5160446
5160538
5160553
5160566
5160672
5160738
5163611
516796
5170644
517211
517279
518222
518377
5184628
5184692
518763
5188854
5191166
5191178
5191284
5194500
5195132
5195140
519665
520060
520110
520581
520706
5208393
5208396
5208400
5208404
520966
5211350
521415
5216098
521709
522275
5223065
522635
522653
52282
523256
52331
5234362
5234648
5234659
5234672
524276
524505
524831
525020
525198
525212
525376
525630
5256784
525825
526447
5264599
5270567
527081
5271655
5272063
5272140
5272196
5272198
5272311
5272368
527274
527276
527594
5281162
5281174
5281180
528127
528327
5283671
528494
5286236
5286308
5286330
5286500
5286976
5287836
5288116
529028
5291126
5300013
5300127
5300182
5300198
5300202
5300209
5300220
5300270
5300313
5300444
530081
5303362
5303380
5304120
530870
5311746
5312618
5312838
5312909
5312941
5313099
5313163
5313170
5313208
5313366
5314114
5317852
5317886
5317897
5320614
532282
5322871
5324093
5324200
5327914
533165
533387
5336659
5336709
533817
5338334
5340748
534205
5342181
5343444
5343513
53440
5344848
534977
5352774
5356742
5356852
5357611
5359035
5359588
5360952
5361002
5361388
5363470
5366975
5369971
5371719
5373402
5373614
537476
5379460
537955
538373
5384687
5385037
5388998
5389072
5389158
53898
5393046
539651
539695
5398633
5398730
5398809
5398968
5398992
5399176
5399353
5399751
5400385
5400647
5400652
5400818
5402373
5402489
540445
5407469
5407573
5408642
5412152
541832
54191
541928
5421907
5423325
5423874
5423888
5424145
5424643
5425441
5426629
5426649
5426849
5426869
54271
54273
5429225
5429458
5433286
5438822
54389
5438979
543972
5440029
5440289
545196
545687
5458563
5458770
5458857
5458865
545909
5460896
546253
547501
548052
5482016
548423
5484311
5485614
5489354
5490607
5490873
5490882
5490912
5491724
549391
5494592
5495363
5495450
5496669
549759
5497649
5498372
5498523
549874
550304
5503712
5504011
5504090
5504208
5504522
5505234
5505236
5505383
5505547
550589
5505929
5507234
5511363
551307
5514532
551466
5517525
5518138
5518367
5519889
5519891
5519913
5519921
5519924
5519928
5519934
5522424
5522705
5523281
5523454
5523778
5523784
5523794
5523805
5523807
5523817
5524146
5524156
5524169
5524179
5524185
5524193
5524729
5524740
5524750
5524758
5524771
5524773
5524778
5524786
5524805
5526842
5528047
5528406
5528705
5529100
5529294
552955
5529579
553141
5531637
5531704
5531800
5532323
5532348
5532352
5532390
5532436
5532461
5532534
5532547
5532557
5532591
5532611
5532665
5532675
5532720
5532726
5532733
5532764
5532786
5532790
5532798
5537571
5537594
553994
5540833
5540903
5540939
554205
5543189
5548817
5549091
5549124
5549143
5549291
5549303
5549427
5549443
5549451
5549459
5549476
5549492
5549495
5549872
5549981
5550163
5550186
5550252
5550320
5551203
5551455
5551745
555253
5552561
55526
5552608
5553672
5553694
5553758
5553815
5553856
5553860
5553864
5553916
5553942
5553972
5554054
5554143
5554247
5554259
5554271
5554274
5555013
5555031
5555084
5555096
5555120
5555155
5555171
5555193
5555208
5555219
5555289
5555314
5555320
5555486
5555496
5555753
5555764
5555801
5555932
5556007
5557099
5557147
5557148
5557150
5557154
5557158
5557163
5557170
5557302
5557304
5557306
5557314
5557318
5557322
5557324
5557335
5557336
5557452
5557576
5557631
5557633
5557659
5559902
5560069
5560170
5560667
556130
5561541
5562370
5562375
5562384
5562392
5562393
5562396
5562415
5562609
5562624
5562780
5562835
5562866
5563006
5563081
5563092
5563102
5563118
5563125
5563136
5563143
5563148
5563173
5563216
5563313
5563329
5563447
5563570
5563571
5563583
5563603
5563613
5563631
5563643
5563675
5563685
5563699
5563707
5563711
5563715
5563725
5563726
5563728
5563742
5563744
5563753
5563760
5563778
5563788
5563792
5563807
5563810
5563845
5563865
5563927
5563953
5563966
5564001
5564025
5564069
5564072
5564102
5564114
5564121
5564127
5564146
5564156
5564162
5564206
5564217
5564232
5564247
5564257
5564270
5564319
5564358
5564392
5564582
5564610
5564649
5564657
5564685
5564705
5564718
5564954
5565944
5565963
5565992
5565996
5566009
5566304
5566312
5566653
5567597
5567621
5567667
556965
5570620
5570645
5571820
5572369
5573595
5573625
5573628
5573650
5573676
5573684
5573694
5573717
5573739
5573761
5573789
5573876
5573904
5573914
5573943
5573998
5574006
5574023
5574031
5574040
5574049
5574061
5574096
5575875
5576598
5576611
5576917
5580085
5581230
558147
5590409
559184
5593423
5593448
5596037
5607637
5608495
5608611
5608617
5608627
5608630
5608636
5608646
5608652
5608760
560959
561004
56133
5620131
5620199
5621538
5623517
5623704
5623842
5623939
5624028
5624170
5624209
5624224
5624368
5624432
5624486
562449
5624536
5624605
5624719
5624806
5624869
5625675
5625721
5625755
5625827
5625848
5625861
5625903
5625969
5626008
5626149
5626180
5626211
5628474
5629004
5629084
5629231
5630278
5631366
5631613
5632121
5633229
563395
5636677
5640539
5641441
564178
5644787
5645203
5645748
5645757
5649471
5649721
5649754
5649785
5649880
565213
5653468
5653499
565415
5657581
5670861
567873
568091
568218
5683571
568410
569118
5692248
5695348
5698094
570260
5703277
570627
5708541
5712
5712923
571850
572432
572553
572601
572767
5729843
573276
573360
573449
573479
573652
573661
5738468
5738538
574071
574403
5745192
574653
5747009
574852
5749928
575006
5750718
5750798
5752793
5757309
575745
576102
576241
5763468
5763724
576556
577270
5773588
577662
578256
579333
579554
5799781
5799811
5800491
580205
580622
5806338
581055
5813817
581400
581427
5822738
582294
5827960
582884
583076
5832208
5832489
5832762
584011
584565
5848884
585093
58541
585479
585496
585710
585970
5870849
5870883
587144
587327
5877624
587794
5878139
5878311
5879159
5879297
5879364
587973
588104
5896563
590149
5907945
59106
591201
592439
59250
59304
5930868
593132
5932237
5939259
5939281
5939312
5939321
5939356
5939364
5939419
5940049
5941061
5945250
5948028
5948570
5948607
5948674
5948785
5948897
594945
5956007
595601
5958352
5960751
5961352
5961424
596187
596259
596548
5965599
5965687
5967417
5972034
597240
597406
5974178
5974502
597606
598077
5982713
5984725
5985158
598814
598859
5993788
5996728
5996854
5996906
5997231
600039
600195
600265
6006462
600769
600775
6008293
601141
60144
601514
6015517
6017712
6017768
6017827
6017852
6017857
6017869
6017879
6018037
601851
6019428
6019435
6019440
6019474
6019622
6019651
6019700
6019744
6020095
6021767
6027188
6033502
6034380
6034624
6035044
6035572
6036497
6039058
6041374
6042348
6042795
6042890
6042969
6043804
6044145
6044659
6045085
6045767
6045953
6046380
6046549
6046833
6046884
6046976
6046996
6047140
6047585
6047874
6047983
6048270
6048357
6048703
6051379
6055830
6055982
6057074
605895
6059005
6059976
6060455
6060510
6060527
6060603
6060671
6060770
6060777
6060781
6060967
6061052
6061054
6061080
6061492
6061537
6061898
6062012
6062110
6062166
6062761
6062957
6062963
6062982
6062986
6063185
6063266
6063269
6063283
6063317
606345
6063465
6063608
6063611
6063620
6063689
6064006
6064070
6064088
6064210
6064981
6065032
6065317
6066043
6066201
6066519
606696
6070002
6070596
6070622
6070662
6070800
6071489
6076989
6077021
6077371
6077491
6077697
6078083
6078253
60785
6079710
6079930
6080148
6080208
6080377
6080408
6080483
6080594
6080622
6080743
60811
6081221
6081358
6081480
6081534
6081686
6081872
608440
6087545
6087671
6087768
6087817
6088078
6088090
608832
608939
6092042
6092162
609266
609405
609926
6101299
610250
611109
611260
611530
6118967
6119814
6119978
61201
6120153
6120465
6120917
612104
6121141
612299
612608
612992
6131296
6131462
613164
613437
6134761
614037
6145966
614738
6149246
6149470
6149507
6149681
6149704
6149949
6150368
6150485
6150629
6151159
6151295
6151385
6151509
6151968
6152027
6152084
6152178
6152267
6152628
6152849
6152988
6153158
6153364
6153934
615402
6154035
6155021
6155117
6155213
6155409
6155766
6156061
6156959
6157812
6161171
616326
6163321
6163624
6163672
6164002
6164029
6164119
6164276
6164666
6164671
6164768
6168126
6168713
6168790
6176628
6176901
6178346
6185008
6185018
6185521
6185662
6187349
619060
620089
6201518
6203888
620943
6212
62184
622044
622195
622254
622819
622882
6229391
6231365
6235314
6235331
6235337
6235400
6235412
6235445
62357
623868
6239636
624126
624297
624344
624360
6244236
6244318
6244352
6244960
6248013
6250102
625083
625137
6257354
6257682
6258151
626534
6267250
6267649
626874
6270177
627030
6270456
6270471
6270499
6270631
6270783
6271460
6271496
6271615
6271717
627275
6273430
627376
6273827
627395
627581
627739
6279357
6279636
6279666
6280257
6280280
628071
628567
628594
628845
62885
6288680
6288786
6288991
6289170
6290041
6290258
6290602
6290681
6290781
6291669
6294366
6294904
6294932
629518
629740
629930
630101
630160
630411
630541
6305910
6305917
6305958
6306362
6306375
6306791
6310150
631083
6311553
631232
6313518
6316727
631865
631974
6322697
6324092
6324358
6324807
632591
632649
633075
633117
633233
633394
633418
633563
633767
6340208
6340213
6340292
6340644
6340730
6344096
63450
6347047
6347094
6347134
6347263
6347321
6347344
6347466
6347547
6347712
6347816
6347880
6348047
6348051
6348123
6350633
6352375
6352741
6353324
6353359
6353739
6353795
6353843
6353874
6353929
6354152
635416
6354209
6354244
6354305
6354986
6355396
6355675
6355721
6355731
6355746
6355749
6355769
6355785
6355803
6355825
6355892
6356095
6356109
6356144
6356169
6356410
6357321
6357650
6357835
6358535
6358897
6360651
6360724
6364903
6367769
6369
6370269
6370952
6370974
637109
6371594
6371703
6373723
6374353
6374362
6374412
6374416
637505
6376274
6376307
6376329
6376377
6376450
6376511
6378664
6378804
6378931
6379410
6381423
6381642
6381818
6382905
6382958
6384053
6385303
6385390
6385392
6385423
638598
6386492
6387155
63873
6387648
6388025
6388454
6388576
6389310
6389783
639017
6390977
6391298
6391480
639526
639562
6396467
6397123
639733
63986
6399315
63998
640167
640219
6403238
6403263
6404193
6404222
6404349
6404352
640534
640764
6408673
6408835
6409366
6409410
6409492
641145
641345
641382
6414512
6414764
641697
641927
642039
6423487
6423772
6424157
642464
6424728
6425290
6426273
642763
6433787
6435661
6436325
6436572
6442870
6449547
6451164
645581
6459132
6459228
6459241
6459298
6459318
6459319
645990
646200
646258
64663
646857
6470739
647074
6471954
6472803
647281
6472922
647373
6474036
647552
6478848
6479035
6479076
648024
6483558
64885
6489378
6489483
649047
649158
6492674
6493773
6494732
6498784
650410
6505298
650645
65103
6510644
651205
6518773
652099
6524032
6524090
6524718
6525593
6525751
6525767
652639
65285
6530590
6530749
6530778
6530854
6531015
6531400
6531660
653246
6534205
6534845
6534853
6534884
653507
6535395
6535646
6535730
6537214
6538736
6541450
6541715
6541901
6542410
6542619
6542907
6543045
6543097
6543632
654447
654624
6547069
6547330
6547434
6547435
6547469
6547614
6547785
654799
6549051
6549866
6550143
6551214
6551466
6551633
655233
6555472
655555
6555871
6555987
6556169
6556863
65616
65675
6570002
6570108
6570181
65703
6570404
6570733
6572444
6573118
65744
6575123
658316
658347
658649
658651
6588366
6588720
6588927
6589981
659055
659215
6592626
6593741
6594655
659536
659685
65978
(660
660054
660273
6606158
660865
6609857
66109
6613645
6617026
662355
662414
662652
662817
6628726
66307
6631232
6631771
6632998
6634128
6636151
663758
6638139
6641802
664244
6642759
6643652
664732
6648449
6648758
6648939
665009
665184
6652455
66543
665803
666175
666338
6664162
666610
666875
666904
666917
6673007
667562
667678
66776
6678836
668041
6682214
6683649
668432
668626
668717
6687502
668991
669106
669562
6703615
6703936
6706759
6707009
6707388
671226
6712952
6714472
6714590
6716175
671687
6716897
6719279
6719967
6720541
672076
672130
672149
672503
6727621
6727707
672816
672873
67308
6730985
6731850
6732292
6732301
6732310
6733784
6735052
673740
673774
6739438
6741628
6741996
674221
674362
674468
674613
674640
6747752
675038
6750470
6750847
675160
6754293
675591
6756783
675714
6759918
6760037
6760367
6760390
6760699
6760865
6761006
6761167
6761246
6764557
676561
6766733
6767895
6768849
6769374
676971
6770531
6771563
6771619
6773498
6773580
6774002
677581
6780128
67813
6781442
6782441
6782588
6782772
6782934
6782964
6782993
6783238
678632
678856
6790199
6792537
67928
6793176
6793649
6793675
6800647
6800680
6800797
6801270
680167
6804000
680525
680580
6807302
6807802
6810738
681204
6814392
681442
6814457
6818337
681950
6823385
682706
6827571
6830339
6830558
6831317
6831600
6832682
6833637
6833825
6835185
6835207
6835476
6835538
6835628
6835736
6835962
6842821
6843630
684368
6844841
6845326
6845378
6845404
6845853
6845880
6849200
6850072
6850548
685079
6851811
6852982
6853189
6853239
6854362
6855074
6855791
685887
6859560
6859645
686041
6861474
6862838
6864262
6864526
6864772
6864828
6865075
6865145
6865244
6865560
6869123
687483
6876826
6877102
687743
6877538
687931
6881010
6881847
6882858
6883003
688463
6884947
688613
6888499
6888734
68899
689120
689177
68928
6896218
6896735
6899468
6899491
6899523
6899547
690117
6901515
6903027
6904067
690442
6904916
6905590
6909788
691013
691386
6913880
6914091
6914848
6918429
692052
6921540
6921701
6925395
6925832
6926273
6926464
6926683
6928087
6929469
6929502
6929578
6930233
6932866
6934991
6936305
694616
694720
6952281
695410
6959028
6961710
6961868
696204
6962995
6963773
6963813
696432
696458
6971628
6972304
6972492
6972717
6972721
6975456
6976546
6976678
69778
6979566
698240
698431
6984994
6985003
6985040
6985222
6986458
6986722
6986727
6986942
6988419
698953
6992410
6993059
6993117
699322
69934
6993716
6994122
699648
699719
699987
700291
700441
7006498
7006570
7006661
7006688
7006699
7006712
7006722
7006745
7006790
7006797
7008254
701054
7011718
7021356
7021379
702289
702363
7023759
7023832
7023891
7024943
7025318
7025375
7025583
7025678
7025741
7027
7027011
7027072
7027076
7027120
7029292
7032794
7033402
7033657
703382
7033910
703803
7041195
704352
704452
7045544
7045555
7046467
7046588
7048131
7048759
7048909
7049265
7050894
7050930
705100
7051012
7051056
7051073
7051224
7055701
7055704
7055752
705616
7056620
7058788
7060343
706060
7060695
7061695
70621
706490
706662
7067388
7068126
70683
7068538
7069126
706967
7073235
7075344
7075462
70764
7078000
7078526
7080420
7080430
7080516
708284
7086741
7087759
7088294
7089970
7090507
7097495
7097906
7098093
7099506
7106111
7108155
7108247
710937
7110072
711202
711282
711688
7117762
7117764
7117780
7119807
7119950
7120041
7120059
7120092
7120141
7120267
7120292
7120374
7120402
7120404
7120444
7120458
7120483
7120496
7120509
7120532
7120566
7120609
7120638
7122071
712561
713040
7132396
713346
7136805
7137031
7138219
7138548
7138952
7140610
7143793
7144551
71490
714917
715
715103
7151418
7151455
7151514
7151542
7152953
7153234
7154000
7154014
7155047
716244
7162941
7163334
7164633
716787
7169594
7169624
7169724
7169795
7169980
7170365
7170553
7171940
7172293
7172329
7173632
7175219
7175368
717563
7177244
7178048
717993
718278
719005
7190089
7190437
7191808
7195763
719682
7201730
7201774
7202336
72024
720245
7202954
7203169
7203352
7203699
7203803
7203878
7203886
7203898
7203943
7204008
7204032
7204061
7204072
7204316
7204364
7204368
7204384
7204387
7204391
7204410
7204422
7204441
7204462
7204466
7204482
7204499
7204530
7204533
7204542
7204553
7204554
7204588
7204624
7204669
7204686
7204849
7204998
7205075
720628
7207262
7208533
7209432
720990
7211677
7212001
7212086
7212147
7212206
7212212
7212434
7214913
721510
721761
721811
7218490
721858
7222620
7222993
7222995
722348
7223756
722444
722692
7227457
7227772
7227777
722990
7230071
723221
7232250
723275
7237841
724412
724546
7249625
7270736
7270881
727164
727205
727338
727864
728046
7281306
7281324
7282121
7282303
7283069
7286446
7286624
7286674
728731
728792
729353
729925
729965
7300396
7300399
7300401
7300402
7300680
7300682
7302846
730427
7309934
731324
731325
7313967
7314472
7315042
731742
7327658
7328304
73306
7332688
7332926
7333946
7337665
7342852
7343983
7344272
7346950
7347024
7347188
7347291
7347512
73521
7353348
7357755
7359886
736078
7361212
7361483
7361574
7361951
7361985
7363055
73655
7365912
7366074
736670
7366965
7368463
737
7370136
7371675
7372526
7372655
7372961
7373009
7373014
7373070
737340
7374112
737820
7378256
7380682
73834
738503
7387000
7389531
739069
739250
739283
739335
739493
739599
7398545
7399400
7400071
7400775
7400807
7400815
7400820
7400833
7400838
7400849
7400866
7400891
7400912
7400962
7401172
7401255
7401341
7401387
7404811
7405040
7405140
7405298
740593
7406655
7406760
7406888
7410867
7411141
7411446
7411802
7411858
7412248
7412430
7412431
7413585
7414872
7414913
7414924
7414991
7415020
7415042
7415078
7415135
7415159
7415171
7415337
7415626
7416107
7416115
7416125
7416131
7416168
7416172
7416182
7416209
7416219
7416247
7416255
7416281
7416385
7416405
7416432
7419114
7419151
7419156
7419170
7419205
7419212
7419222
7419258
7419263
7419269
7419283
7419290
7419531
7419545
7419593
7419666
7419708
7419725
7419825
7419839
7419855
7419857
7419864
7419874
7419878
7419975
7420021
7420026
7420034
7420045
7420062
7420072
7420080
7420090
7420099
7420106
7420121
7420128
7420147
7420152
7420159
7420187
7420192
7420198
7420205
7420217
7420227
7420258
7420264
742358
7425262
7425414
7426216
74275
7427577
742968
7432112
7434246
7434445
7434450
7434455
743584
7437453
7437624
7437633
7437637
7437643
7437651
7437693
7437698
7437708
7437713
7437716
7437722
7439072
743955
7442238
7447317
7448456
7449473
7449479
7449515
7449539
7449705
7449989
7450020
7450035
7450068
7450081
7450228
7450324
7450475
7450797
745114
745178
745301
74546
7457428
745819
7459133
7459261
74598
7466570
7466709
7467357
7467404
746790
7473554
7474910
7475002
747594
747611
747801
7480631
7482452
7483714
7483868
748615
7487591
7487744
7488875
7489214
7489381
7489394
7489929
7490121
7490193
7490220
7490261
7492736
7494674
7494683
7495698
7497642
7497949
7498095
7498703
7499548
7500134
7501346
7501394
7502427
7502854
7503898
750476
750878
7508939
7509079
7509092
7509110
7509128
7509166
7509327
7509381
7509999
7510255
7510416
7511
751184
7512471
7512479
751303
7513177
7513373
7513454
7513463
7513468
7513473
7513484
7513565
7513790
751399
7515471
7518062
7519368
751945
7519619
7519682
7519968
7520061
752017
7522848
7522898
7523210
7524559
75272
752764
7531563
75348
7539417
7539514
7539626
7539687
7539780
7544008
754466
7546876
7548503
7549799
7550374
7550625
7550653
7550794
7550843
7550905
7550942
7551596
7552236
7552530
7553277
7555307
7555668
7555829
7557
7557315
7557419
7557572
7559148
7560835
7562097
756525
756602
7567720
7567737
756927
7570283
757138
7571732
757533
7578023
757880
7579793
7580015
7580979
7580983
7580987
7581580
7589378
7589641
7591208
7591593
7591739
7593856
7594607
7595681
7595958
7596160
7596504
7596794
75973
7597594
7598787
7598865
7599373
759950
7599775
7600423
76020
760545
7605804
7605971
7606016
760676
7607129
7608358
7609473
7610984
7612126
7614359
7617027
761717
7617711
7618736
7619074
7619082
7619828
7620154
7620265
7620380
7621792
7623162
7623172
7623423
7623465
7624138
7624935
7625976
762615
7626214
7626282
7627068
762887
7629496
7630093
7630692
7632434
7633381
7636959
763932
7639956
764056
7640991
7641284
7643045
7645098
7645874
7648574
764914
7649509
7650548
765081
7651897
765287
765458
765562
7656
765852
766702
766989
767131
7671703
7671735
7674654
767574
767584
7676064
7679620
767985
768120
7681418
7681488
7681896
7682080
7682307
7682535
7684491
7685387
7685951
7686680
768754
7687893
7689185
769064
7691358
7692137
7692510
76950
7695276
7695794
769668
7697953
769936
770017
7701795
770242
7702441
7702536
7702877
7702882
7704680
770571
770650
7710432
7710452
7710778
7711855
7715503
772247
7728647
773469
7735759
7735780
773724
7740696
7742520
7743123
7743365
7746191
7746200
7747703
7748066
7748237
7748260
7748656
7748932
7748984
7749067
7749082
7749594
7751345
775255
7752713
7754689
7755081
7755187
7755539
7755876
7756030
7758438
7758593
7758975
776041
7762377
7765344
7765359
7765367
7765381
7765468
7765479
7765482
7765493
7765738
7765803
7766142
776665
7768837
7770319
777090
7771554
7771608
7771665
777282
7773343
777394
7777216
777927
7779482
7780475
7782937
7788044
7790538
7791403
7791483
779318
779561
7798042
7798859
7799233
7801926
7802089
7802356
7802468
7802506
7802526
7802656
7802678
7803451
7804525
7804651
7804824
7805413
7805684
7806072
7806746
7807063
7807384
7807545
7807666
7808606
7808621
7808763
7808861
7808962
7809435
7810352
7811140
781526
781661
781705
7817238
7817676
7818486
7818900
7820660
7820991
7821531
7821721
7823405
7824647
7826939
7827135
782760
7827747
7828552
7830355
7831980
7832589
783319
783527
7835990
783761
7838849
783913
7839963
7840370
7840507
7840666
784100
7841542
7841662
7845
7845019
784774
78482
78527
7853159
785490
7856491
7856803
7856906
7856924
7857058
7857084
7859994
7860554
7860970
7861567
7864454
7865417
7865635
7865663
786733
7867821
7868908
7869560
787085
7871365
7872270
7873882
7874133
7874826
7875902
787609
787785
7878166
7879625
7879692
78805
7881795
7883266
7883321
7883383
7883830
7885138
788651
788723
7887350
7891910
7892089
7892784
7893086
7893133
7893250
7893650
7896857
7897486
7898094
7902736
7905779
790924
7909874
7910657
7913834
7914490
7915050
7915552
7915616
791568
791946
7920160
7920558
792090
7921374
7921537
7924361
792732
7929181
793095
793135
793348
793566
7939579
7939866
7941717
7942693
7943152
7943191
7943333
7944273
7946084
7946102
7946490
794829
7950218
795387
795397
7954253
795520
795627
7959431
7959482
7959494
7959512
7959522
7959799
7959895
7959919
7959984
796039
7960395
7960412
796082
7967263
7967821
7968128
7968256
7968465
7968631
7968722
7968782
7969031
7969129
7969893
7970049
797054
7971391
7971427
7971897
7972389
7972486
7972800
7973204
7973317
797805
7980872
798104
7982956
7984426
798725
7988907
7990399
7995022
799609
7998145
7999284
8
800041
800214
800405
8004848
800528
8006908
8010489
801064
80111
801148
8011642
8011881
8012059
801266
801305
801438
80150
8016545
8016788
8018377
8018424
8018441
8018556
8018638
8018836
8018852
8018926
8019357
8019410
8019450
8019606
8019706
8022822
8026885
8027304
8028813
802949
8032228
8032238
8032452
8032868
803608
803841
8040735
804187
8042196
8042675
804393
8044204
804453
8044743
804600
8047213
8047782
804828
805084
805210
805230
8053534
8053712
8053740
8053783
8056744
8056787
8056837
8056888
805695
8057285
8057383
8057442
8057516
8057617
8058950
806094
8061796
8061866
8064044
8064097
8066003
806631
8067558
806791
8068461
8069843
807001
8070161
8070310
8070333
8076030
8077617
807883
8081713
8082517
8085615
8085950
8086845
808746
8087785
8088725
8088793
8088889
8092262
8092945
8094087
8094849
80954
8095989
809609
8096240
809655
(8098
8098317
8098322
810103
8101205
810539
81056
8108156
810818
8109280
8110605
8110972
8111100
8111137
8111256
8111563
8111576
8111613
8111668
8111673
8112959
811339
8113607
8113642
8113707
8114383
8114638
8117255
8117389
8117401
8117599
8117662
8117702
8117721
8117722
8117726
8117739
8117771
8117848
8117868
8117874
8117887
8117892
8117959
8117970
8118031
8118120
812017
8122006
812453
8124720
8124821
8124892
8125052
8125283
8125544
8125587
8125735
8125797
8125932
8126060
8126062
8126174
8126238
8126266
8126429
8126488
8126499
8126802
8126955
8126962
8127313
8127437
812983
8131237
8131599
8135215
8137033
8137124
8137303
8138870
8141858
814691
8147498
8147522
8147530
8147591
814824
8148748
814925
8149832
8150376
8150445
8150508
8150568
815096
8151265
815245
8155932
8156137
8156944
815696
8158240
8158452
816436
8166010
8166160
816678
8166904
8166940
8167124
8167269
8167418
8172566
817270
8175274
8175667
8175915
8175997
8176318
81767
8177099
817713
8179133
8179405
8179644
8181064
818525
8185828
8185977
8186133
8193636
8193818
8194
8194299
8194302
8194391
8194440
8194604
819579
819595
8196383
8197647
8199171
8199234
8199334
8199503
819982
8200003
8200138
8200557
8200795
8201483
8201657
8201705
8202094
8202706
8205545
8205751
8205954
8206051
8206229
8206430
8206917
8207104
8208917
8210301
8210691
8211519
821206
821382
8216888
8217765
8219362
8220043
8220754
82208
822146
8222510
8222585
8223487
8225041
8225363
822655
8226671
8226823
822773
8229266
823020
8234182
8236448
8236478
8236506
8236848
8237107
823729
8237365
823876
8240132
8240288
8240612
8241934
8242015
82459
8246553
8247389
8248085
8248151
8248161
8248456
8248535
8248625
8248772
8248904
8249033
8249744
8253454
82559
8257059
8257317
8257514
8258448
826209
8264864
8265233
8266158
826929
8274691
8274788
8275939
8276247
8276291
8276317
827643
8276671
8276991
8277821
8277868
8280857
8281585
8282341
8286312
8287128
8287513
8287695
8287719
8287879
8297814
8297931
8303830
8304193
8304336
8304840
830639
8306730
8306829
8306930
8306955
8306964
8306976
8307763
8308947
831017
83244
8325283
8326140
832809
8328372
8328508
8328618
832943
8329430
8329857
8331424
8333873
8335645
8337105
8338189
8340532
8340558
8342420
8342789
8342856
8343175
8344258
8344630
8346551
8347140
834992
8351150
8351345
8351698
8351711
8351727
8351989
8352020
8352922
835440
8354853
8354936
8355044
8355411
8355437
8355536
8355886
8358219
8358808
835919
8359332
8359513
8359689
8359754
8359931
836001
8360105
8360163
8360247
8360722
8365359
8365486
8365893
8365951
8368071
83730
8373104
8373813
8374143
8375199
8375257
8375549
8376950
8379964
8379995
8380542
8381250
8381732
8381802
8382028
8382735
8382857
8383468
8383649
8385007
8387822
8387908
8388334
8388349
8388382
8393071
839323
839451
8395756
8395826
8396456
8396736
839747
839802
8398943
840007
8401963
840383
8404447
840631
8410184
8411410
84131
8414185
8415179
8417980
8425323
8427479
842996
8431735
8432434
8432865
843868
8439800
8440037
844028
8440867
8441818
844189
844203
844222
844841
844862
8451210
8451391
8451875
8455258
8455647
8455978
8457844
8458398
8459565
8461010
846436
8465063
8466830
8467858
8469400
847025
8470341
847122
8472490
847345
8476848
847897
8479249
8479448
848084
848130
8483575
8483639
8483804
8484070
8484359
848510
848616
849471
85214
852235
853259
853862
854363
854603
855125
855768
855969
856445
856582
856878
857378
857430
857442
857772
85782
857944
858385
858782
859602
859712
860343
860703
861010
86105
861229
861241
862586
862694
862746
862979
863242
863257
863458
863539
864474
864988
86525
865306
865580
866563
866675
866819
866960
867499
867550
867611
867630
86854
869567
869841
870286
871269
871286
871592
871723
872038
872060
872089
872432
872760
873556
874464
874521
874555
876496
87653
87750
879072
87914
879184
87930
8794
87981
879985
880135
881953
882099
883009
883060
883239
883519
883800
883914
883979
884085
88411
884137
884334
884406
884548
884687
884964
885446
885759
885784
885924
886015
886183
886335
886467
886548
886590
887235
887302
887573
887632
887688
889533
890110
8928
89380
894201
89614
89673
90237
904762
905209
906099
906167
906231
906815
907145
907965
908088
908383
909258
909418
909439
909478
909715
909758
909770
909791
909809
910037
910050
910133
910213
910227
910239
91262
916835
919986
920061
920098
92307
923907
927089
927428
927481
92760
927933
928033
928055
928192
928282
928403
928816
928983
929091
92942
929544
929663
929678
929698
929780
929813
929887
929909
929928
929934
93279
93371
9345
93654
93792
940645
940713
940801
94081
94136
94979
950564
951653
95355
958238
959250
959331
959629
96107
96254
963864
963954
964081
964128
966653
96692
96971
970144
970267
970655
971049
971079
971574
971717
972444
972548
972565
976225
976347
97813
980363
98080
980818
980885
981233
981369
98356
984876
985854
987124
987365
989127
989187
989252
989340
989507
989849
989894
989925
990090
990409
990430
990435
990527
990632
9908
994002
996137
996276
996396
997207
997267
997302
997383
997455
997530
997625
997643
997668
997689
997715
997728
997894
997914
998033
998047
998083
998134
998150
999886
999915
999940
